Hour_of_Day: [10.26,11.27);[11.27,12.28);[12.28,13.29);[13.29,14.3);[14.3,15.32]
off_nadir_max: [3,12];(12,21];(21,30]
avg_pan_resolution: (0.31,0.3419495);[0.3419495,0.3729495];(0.3729495,0.41]
CONTROL: 1;2;3